R: 4
[0, 0]
[0, 1]
[0, 2]
[0, 3]
U: 4
[0, 0]
[0, 1]
[0, 2]
[0, 3]
[1, 4]
[2, 4]
[3, 4]
L: 3
[0, 0]
[0, 1]
[0, 2]
[0, 3]
[1, 4]
[2, 4]
[3, 4]
[4, 2]
[4, 3]
D: 1
[0, 0]
[0, 1]
[0, 2]
[0, 3]
[1, 4]
[2, 4]
[3, 4]
[4, 2]
[4, 3]
R: 4
[0, 0]
[0, 1]
[0, 2]
[0, 3]
[1, 4]
[2, 4]
[3, 3]
[3, 4]
[3, 5]
[4, 2]
[4, 3]
D: 1
[0, 0]
[0, 1]
[0, 2]
[0, 3]
[1, 4]
[2, 4]
[3, 3]
[3, 4]
[3, 5]
[4, 2]
[4, 3]
L: 5
[0, 0]
[0, 1]
[0, 2]
[0, 3]
[1, 4]
[2, 1]
[2, 2]
[2, 3]
[2, 4]
[3, 3]
[3, 4]
[3, 5]
[4, 2]
[4, 3]
R: 2
[0, 0]
[0, 1]
[0, 2]
[0, 3]
[1, 4]
[2, 1]
[2, 2]
[2, 3]
[2, 4]
[3, 3]
[3, 4]
[3, 5]
[4, 2]
[4, 3]
14
