7364324241225433445422232322233434224835321253334532333323166227675321322533332522422446233324232434
4446322833444651624623333433557443345353533335157323335548651363385644755523637322436473335356373345
5313234321222231223223322451323853122244343333223422223123213223341432221337332423333223138323122522
2322222323222222423211232231212261222223122234322253422423232332223442322121232243123361122322222122
4321122234432422222121232222222232233644422544142223312232222422321222222344241323224242452134124345
5555655556662576665456574675356969418655666735975746652587557365767465156645597797696963767656659595
2255232232626296381336113232323335523333431235733213215422232233262123321224331323357322216333233633
3221333422422224432332333232333323111232211443322322122341333231332233233232222233332434133333333433
2222312212321211233223221233211131232433432223214323222412252233242224142332531223331322121122223223
3932222424133422223256413452228652526113812432222215315266636546122532263252539652295253363421662321
4586545471756642222733111682212223324535812554432242332636744524212252245291333762724723344463475232
3885758374784537453345843543376339974497295843347644346365694369328578387746345637345846694876566295
5121222233222262253222231231221622262267325222132312211222822336221222412222222423452134227272222122
2536444445525565634354444435369449746545662454444549644556443424444447685443633335446654644745555567
2345633353325221233413224223531237213932723242132283342452233221221331226822335232243133232423392211
3124422622213222222222122223522432232222224125121221222222221221123213132212222211221272221222321262
3343131453522266263236323345633344324343453434343448523223384433544224344331332628271338633533531357
2332574165341263256413124513246323343214452225225629232232422422243215255344312123422265322212234329
2222143232122123322322222322252223224222123222422152232422232331221232221324122232424222234223222222
3122133232231422222222223322243122222224314212422222122223223292222212212332223253212214252323232222
2122222222212224411131222222321222222242522242521124222222222121122222122222222222223222223225422132
2332524322534121262242222242143322121254121522222221222222222212332212212415221142221212414221222314
3444315333313343433661531453633433553453976323442543135353353342323453531742322443341433254335323343
3244232441432354322344134324334492134242414233462334412323413331232323432333324323244551243421454424
3232234723335532442233353252242323243432322124135331222132453334351335433331433431532342532213547342
3222332221225433733322222222232222312162152526222233223157223322222251371123321222231422122332121121
3132721352332235313533422242423354233223453343443323333422322233323322323223326236332227623323317233
3624144242544552444564544333474654325434442248542543432545413455545443425455414545354532544454452445
3242214216433434454313452214222343344144332533242334422123425243424334423322232442362244224244434344
2442393654373445524444444433683236439767443555434264334432463844574844494445334435625845444354436944
3533333433333223533223533133323334333632234323225233333225233234222337332235231231333242332343332431
3232321122233463133254225222222323322262331222239622623264513725235221222322317423233632122422272242
5442524532434322462735454346333625435559425545555533322154234424454332533454594535652542355314364414
2222122221222122223223122221132232223212122228222223212224222222242222222322232122221122232212342243
5155897598783579448598899786647897799875845959785889799765969975957785789455845879688568869893588886
4443485358642764343624786336444452174464384443947745135464494346434546343789644572944449752444246434
3344233613522433232433326223223424433513342232553333133334333343434232233834283323324364332568324246
6243222431336342641233242234232323122256622425222632322124221234343232311662111223223322153323223225
5132442323412132136232224235232421222221132232313223333413222332222141234353323312354223323322314424
2335633465322633232323332414242334522333122723486434366232156432432323843381337242334265544323333321
5216332254544372257244225352342665545242212342654345322753354533252755422211353257545152542625232265
1245212232632335322122534313343223312452531312222222235243223313212632333323232332542363526322525223
3522422267232623752256512122872632123122334266154547754232537422227625424344356223442332266195222223
3393363642343333342322234333323833313335323333333212433382433335336234326212333672333438223433228235
3333233323432344823233473333333242341333833336734433343233323242424623343333823332343843333322362333
3637753463637673732245262747463193861667447336265234572672627353788693317346374556424734582472452922
1836446641532275738386725474322782753633267336537353578783339565794564848493224238623579428425268373
2124421253343212232235423242122542812162532326452224242345522114322626322234323223223142531222544222
2223378132313231122322341322222442121321212324313214223324322242322434523235222312222233322323335223
5221233343412344743423446236442234447724444384234248455363245368272131343854433235753234262429846435
2322647233322322234427276251213316424211513329322733122263125232344361232733443222234332242223225281
2543213337243242334523623333644235333323234272532334334236222343223325233223342333133333243333332224
2231252225322242231221323364222233325232222212231223241545222253343234223221234242452233223313612623
5124713322123325331132225132442623523553325322253244344532252554426142352363235451424423524522314323
4733453354433343374933374442434333344344344523395232343343533436323324224444423333316233445323253344
3323242674924332312187323362623539347675623332446832135133322232812485327966246947449632553536533342
3526176424232354246334632452251737347328562424264925222247264272224536756417232222654542116761837522
3655464593865635846843664666486664815636526595676663656646646552847656636662578535436266655355666655
2323113133312231232322322213123122222242522122221323232123223122521222232222212123122322324524212322
2789982366622234221222523321233231852127416724222323222252326322119223342135272472252392375157734224
1292242222422242131422262322534223222225622122224724822333122222222223222322222412223262127221222132
2222112222133122222124223232235222222223321222322322252142322254192142113111122122313322221433223321
2223433233231322242123733334232312232122423222232413232322333213222222232111333311322133331222233213
5635545568543146846446547856474337528848575363518685456757473736443567586755443956444576376257574247
5423354414423223214233242112514221163626212353235223226623312265238252326232334525222522734325222444
2312133823132213233332312333332331333623232112323222232222522312232323212231636333312232312232223723
5632351322338361322245991252223232213337922255712332221324542274136342223224433323324241352363322327
1344422332343333233333255333363153232343313333324323332423432233222424422432333343331343244523323332
1767563364626586956473654276466466679264944225675663774433734745663475446747275774353466636587955435
3321221343613322436322433433333413333233333321333313233635321337323234224324236333273333333633424333
6773257667677673552281777926787956875555375777587775876559535524557426965655552586757389755477477236
2221233232451232334232232332225232222424262124342523351232241131222122231122522332422922342132224323
2333363535132232682283345423633364241626222644236261621523382654524444361326642227241225552613324424
3313343522333422544243324332423231333232332412435232342333235124223153325342323212436325233252313233
2214232421312162222411212222222142221423122392222322562622265222232322311227222222222222216361222125
5333458443434356433526483543453553484354554214445547432734251462543345344713442753443462452443441133
4244242133243344426332443442344222512352424444535234273243254643232343123211321352342243431434434253
5635364663363557336646684664455545434542566556764586623255662575566668763347546746459456856566462667
2226421345441626221222362252242262124232231223462642242626422126325224223212122222532212125621422612
6333344242463635323326313453326432463124436364425753124332263113447427262435962334322436334453436433
5342325222732233715122432323223453232534232323232312732228822232261313332223313225633334331331343122
7542342443454345334434233345442433334622644373343254325574434434434453235446332339344354346324442436
4241223321233244242522424514432632225424233245442234333464224422443222244243212323422311421222424412
3313244331333232343212243222243242434222354433322422433342233433411322333463243343244234324232434345
9636143723278438838323752319831272483372933293783424582434336257533176626336854926835616367724722721
2228322231212122133222322222222321213222222221321263222922233222123222222225422222231222131223222221
4322323223114323421122522243335131222342143325232252424233252232224321241225522343332233353524333333
4562422675332415147622545325455468245594633326834333653524146442244333445724255675443916255933354277
8131713748534744626688758346768525424651754323871754852532476345384112626312411144541413128763376359
6656662553622252857473684613545652336233645343771656585328486574763655564664656652254656555422622644
2131344133243423412211422123243124334341134111444312412132343121112134124312222421244433323333356789
5246382242241627131337324224252323325443222462222322223536322632248372364214233473122933343212231221
3362332232131712285616234422353282349653228633422243235334321827828253533231353263222621426532423392
4122532222522412222252232722222222542224223226242142247315275224122211132224426124223223221212322272
3224221422122421242212222231313224223221224141122122233242332622332213224621222315224421212221211323
2132422223221252332332423223432222235441324511442228422255112423132221622123242243333212413485621223
3755544252545364632558555355552455455845553575345485348555462356547556923433455285865433558529434545
2224221222212153532112122212272423222322212321211222438244122452213222452223122222222227322222222122
4342635232222343442293222224522224222331241123212222124123222333423187412222222222222142422242422222
6233242642362765233976855342676634143843563334743547653333525332375562752715583424323235554476434634
7664666658666668549685366646564755687637575657533665656955469646657665665366586578616646665656466966
3312222222242242212321221323342424122432334122232122222142123113212241523222524223232234122221122322
4373563665413444563858446754653834633577943526234424443333224444377264324124412343783385225355153373
5464212414422311213323234212211921322223242822425212631251324232533224714222382532422429253324223444
5224252264132232434221142324254222222122322342442122332236423221423224233252132125432443242421354224
5475334875585764476354372557575452786765534495552388558388535548544634446713255553583543645664686575
2232312322222232122422122224232232321622328232322533224322122121121232322122211232312321433253351122
3332332523322232162223333335163332213533233342334352333223522233115353333363242312343332213213333224
4343333433443234353443342343433334367534724423344443333743263433213334324433333463336343543354634342
5435252651656214212524555133415416552635335566426631561131364652154414565664331255541463262344655789
9113245236453525111136224556332135354915656544363245422724423512522627551232515232222224121324452232
3233223351193233236224231223331232253334433232322244152332123323532322414434212123123333313332743338
2344464523222632224444418284122225212455255524164512325532223125264223922242442723722263522252221241
2533635385374253329535495847985658657847935555875358374445455344625841278442345587764763545344425636
3233138432243576534636232774553624125223336721335526227236335261533362318623432463533347938233355633
3354344132543544352452242444444543554344443344433234334215544142444431441344352343344332336342442334
2163335512231431432424223223236434323433341143142233422334741332414321325234424313244112154745233324
2433333433243544222232333522344344542543433273434333342225743454233332344434232343233243434363343643
3355313435345435444433244544345524356645375534333545443534544684542431834544245444454433255444146455
1232324432632223322112232252322323443422432144243222132222241231232442124332344243322211122242433223
3333333433343223233233223332312331432332233132334333324131324343424322222634432333332213321332334332
3265242334222212146221163326222211421542232336223527222122424222251222632312623652421262633244225252
4224227235353234332382553242324554435855225332432225525444453232472624432544332582435126833223236313
2322222227323323235322132222242222433222512412211223222132123412223213432223343133213222232223122212
2122223221242124127421311223223521242442232332121232122242234122222133232233122525222221322111323221
2822224234124223242242432233221221242422222222222122222222222212312222224241352229222232222223132124
2252122524221212521352555222212552552221221274231524452222222232621223212522231213122423167221422632
2222222322122133222212122121222211115122112322121113222122223212322231331232242222222322223143222225
3232421222324225222121422512224222412115242451436221222122125223222329122223225212422732215324123121
2112424214511334533254353343413531211313111131151321453412132151113513433244234523431421412323356789
2524233313333216333353424332333322333333333333235332622242233334332632323233233333423322314343222332
5345524445342346434333334643554143122354445544444254444416152343225434331325522252384334534434244423
5256458343335464434447525344353853571454384433523354454333345444344524534454537544635643365246724443
5273162326562522665463274364443266744556153632225542544252553244422713343255264252473211466325514322
5222352255335445233325443424323344463453336456352444433343317355364425324453352442454433244353435465
3242545234242263353647614574534224354455442325457133545525424444743344445733451133544355533455446434
4442234333842222632332623222151323445533534535241347344563516423231535334422256253536145472353432555
7531737452125241746533137725251776124315762661252736732515347577734244345762241672316515444432747289
3344235344365348696693322555776729262236235829773734846847257947622293635379295472725274126469728126
2435232232423533232232334153142324443452321121242281213272422222466342252232122422232432234225222221
2253173229334626263229215221313222122421232212222322127133243142722122232242222334152242324321223224
3162254224422214225723513433436243227623263254342322312252363252552132232122373525452244252271224531
4852385582722742335344824254453424554232634421342444332752752653334767244538635662535692232223245642
2252712633564824244314433545351657346262117268231249884236362245262345634722473231462352287565262363
3534424423444364444423214443453334433544534344434341244433442542443422444334444145443544414324242462
4213243333142533344342243244334344433232443334341344445441444475434444242345234234224334423622274233
3139621222713233266333732273427223343272643263252279227263893614275936638342232433489524632463623533
2953573336465165325492827364236832315939567236623627157766663682768388874568365426635944678338588499
2232322212126221221222221131212223222212222222235252231121321122226222222222231422312222211113212223
7622433273232332234331782132242232333222833333123232233412233333422231133223132212125352334223233713
2317314232223332324323222222322232212134123222331122244262312121222112228224122222214223233221122122
2222244122523214222221522321123324111221223222242225323351222122222436222423131514242522252422324222
3153844332534334565342636222448322545365553925583335657723822231563431351275225725241272633415826436
3433244252533448444424372732544333332353428324133342734544436454555632423433452442344622732434243154
3342763333638186937324336232332333715623253422637275598468222236562433353321362533355139323234344243
2291537573354875262226227727646583551386823229722325212343265923732262216282233892624229423221313432
1223223226432132244124352462738222273622124223212453223271232417322253542736222631244432225632412632
2343233233933433443323332345644324733433646333754734732343374733438333336432342532244448363333213413
3132253222223424212121223932232243133224232432357462226521322232212233222336328416223272332344425231
2463233953222326242222224222214512542222262232223622324226414233232251325422223524122142932222638227
6824222132235215223245255216242222462525223326222212124222243253333532213222331233534152324223125222
2252233232423563247633313224313323353563343233433343232323353332321623132531333534335364444543233662
5223342322463354113471212125432431711353241144322214232227223223244214313113423232126232314343582444
5447514525522436523954345512351314442852475222542541242434544525555423445415222244325522554542452224
5223377252292522253624432324224423653211332222232632354222234252392442133531522329526353236123242238
5837161536653523324527653166632233665375244642445647262362124474754148467546553373563124726672614555
3324552322335132624312544138352455453414224244555335435534455443431451445352325534532373353354536542
3454293276335432237643724343322228235642263333422136343335333331134394553343448421342633341333255922
5224234748566362445522653553462226433529589225352523155234662568338433553253531323579725232234448285
6742343522357352523243335332522252512323534435366234342234722434752131232896266675452753435327557422
1312164221222222236315222221222312422421224122882824142221222221319223212222122221122241632122921212
1222311232222461423222242431243422512132214232245222152212322132222272214122222322532224412124262521
7272854451347921654252652452555912497283434644513897254241521628848374887454542541245542745236835328
5222252154464531272122182224422252422228223212227244222523455351222222241222223521114564122468153556
3932222432232615665232334272343325179236443382726532671522223821382232242235422246212624522214926322
3442222333233232214112232222232222122323322242222344221321222221323212212332432243312212212222212323
6128733435355462342134837433433343342334728487533333235372233772353364353939874532293355437362362533
2917789753933567375786362489139167748494396753874222846657525985975984295875277439443638676981968588
7511232226244525447955123215423414422422555236415325231222343212221232225222342135722752322225152325
3223222121212413162232223214225442221265332252312152433262781721218212332252222322162624262133382323
3535545555335462355555555435723255242556434575363323315243854374545545235384545521442335346523324645
2242222122215212222222436331193212322723262216228222426231722226172222624221161222134127322132222212
2234323332233231223523332232223412313232333331242221325232333332333423431322221138332222212212132242
3233233335244422232542374236443324223229322442242422233432323224232211452744443443439734211424542322
5322254244351126264442222752622742221363542466155162124242132333213223142444222232221222651234246464
4122212323233122224232425333331262422211225523132232212373233253232912242222232332212212223222433222
8213232122732236227222271382232321232227212434225127231223122321422522475214422422272523732522224531
2222343233143212122174238722211244144924331331221423352362823233422338382132332855333227263167222632
2222643834412533536524443335131121223322496241312312545133212433323333424453142246543432253913242424
2254321444365443462636235425525455252242434945243453565325367552623552213255545412456623265432232245
4352387222532342454233235336366223332345633543332672336234214434734257174862273322424683224273147643
1221221223142421322223224224232222211222122222242222232222223125132221121222221212323232233324222331
3334535525542461425322563429456635363143563383466865263443155532563315336454643543226357714843754234
3537927667683875726436356843582577489473613973566611634668555546287677786795615387664277226786877547
3241333222225334332222333322232333232333321133333335212133223231332322322433523222323532231332534233
2934249718254212522479224212242512255656125434344361312342148222432413522521226262252624234652762222
4323323372241222132424222225442213343741227822227322241323283231212216322212331232426252534123232222
2321342262222537111232251127314422526232217511262232322221212367225223122122321234234723354122232324
2333122224223321433226243213333433232232413434234243524343433131222423342444333343232422221431332237
2153123223523233142332354311722733222422222222235123221232223722233327212361321332223211222311257222