[...##] (1,2) (1,3) (0,1,3) (0,2,4) (0,1,3,4) {35,47,29,29,23}
[...#.#] (3,5) (0,1,3,5) (0,2,4) (4,5) (0,2,3,5) {28,11,17,33,16,45}
[###.....] (1,2,3,4,6) (3,6) (1,3,4,6,7) (0,3,5,6,7) (0,1,2) (1,2,4,5,6,7) (0,1,2,4,5,6) {51,48,43,156,33,40,180,25}
[#.##..###.] (1,2,4,9) (0,1,2,3,5,7,8,9) (0,2,3,5,6,9) (6,8) (0,2,3,4,6,7,8) (0,7) (0,1,5,6,8,9) (2,5) (0,1,3,4,7,8,9) {57,29,39,34,26,29,30,46,42,36}
[.#..#..##] (1,2,4,5,6,8) (1,7) (0,2,3,5,7) (2,3,8) (0,3,7) (0,1,2,3,5,6,8) (0,2,3,4,5,7,8) (0,3,4,6,7,8) {174,189,175,176,20,173,181,30,184}
[###..#.###] (0,1,3,4,5,6,7,8) (0,1,2,3,4,8) (0,1,2,3,4,6,7,8) (2,3,4,5) (0,1,3,4,5,6,8,9) (1,4,5,7,8,9) (1,2,3,5,6,7,8) (1,7,9) (5,6,9) (1,7,8) {26,68,9,32,52,58,33,51,50,62}
[###.##.] (0,1,3,4,6) (1,4,5,6) (0,1,2,3,4,5) (0,2) (3,4) (5) (0,1) (3,4,5) (0,1,2,4,5) {65,50,34,57,63,46,22}
[.###.#.##] (0,2,5,7) (1,2,3,5,7,8) (1,3,5,6,7) (0,1,6,7) (0,1,2,4) (0,1,2,3,4,7,8) (5,6,7,8) (2,3,4) (0,1,5,6,8) (3,7) (1,3) {64,94,49,57,23,46,40,70,52}
[######.#] (0,2,3,4,6,7) (1,2,3,4,5,6) (1,2,3,4,7) (0,1,6) (1,2,5,6) (2,3,4,5,6,7) (1,2,7) {23,49,61,42,42,41,64,23}
[##...##] (2,3,4,5) (0,1,2,3,4) (0,5) (2,3,6) (0,2) (1,6) (1,2,3) {31,35,35,32,21,31,19}
[##.######] (3,5) (0,1,3,4,5,6,7,8) (5,8) (0,1,2,3,4,7) (0,1,3,6) (0,7,8) (2,4,5,6,7,8) (0,1,4) (0,1,2,3,6,7) {49,35,26,46,31,34,34,52,35}
[..##....] (1,3,4,5,7) (0,1,2,3,5,7) (2,3,6,7) (0,2,3,4,6,7) (0,1,2,4,5,7) (0,1,2,3,5,6) (0,1,3,5,6,7) (2,3,4,6,7) {26,32,193,197,176,32,182,206}
[#..#.#] (0,4,5) (3,5) (0,1,2) (1,2,3) (0,1,3) (0,1,2,5) (1,4) (0,1,3,4,5) {59,71,32,48,39,52}
[..###] (0,2,3) (1,2) (1,3,4) (0,1,2,4) {18,139,137,20,20}
[#.##] (1,3) (0,2,3) {7,19,7,26}
[##..#] (0,2,3) (0,3) (0,1,3) (2,3) (2,3,4) {30,5,32,54,7}
[#...###.] (0,1,4,5,6) (0,1,2,3,4,7) (2,4,6,7) (0,1,4,5,6,7) (0,2,3,4,5,7) (0,3,6,7) (3,4,7) (5,7) (0,1,2,3,4,6) (3,4) {211,195,37,64,232,202,186,68}
[..##] (0,2) (0,3) (0,1) {33,17,8,8}
[.#.#] (1,3) (0,2) (0,3) {37,18,20,35}
[#..#.] (1,2) (0,1) (2,3) (2,3,4) (0,3) (1,2,4) {22,24,39,37,8}
[.##..##] (1,2,3,4,5,6) (3,4) (1,2,3,4) (0,1,2,4) (0,4,5,6) (1,2,4,5) {18,50,50,26,60,34,18}
[...###] (1,5) (0,2,4,5) (0,2,3,4) (0,1,2,3,5) {33,29,33,30,16,32}
[#....#] (0,3,5) (4) (0,1,3,5) (1,3,4) (0,3) (0,2,4,5) (3) (0,2,4) {45,2,23,29,45,18}
[##..] (2,3) (1,2) (1,2,3) (0,2,3) (0,1) (0) {16,19,21,19}
[#..#.#] (0,5) (0,1,3) (0,3,4,5) (0,1) (4) (1,2,3,4) (0,2,5) {36,29,12,33,41,19}
[.#.#######] (5,8) (0,1,5) (0,2,3,6,7) (1,3,8) (1,3,4,5,6,7,8,9) (0,1,3,6) (0,1,2,4,5,6) (0,2,3,4,8) (1,6) (1,2,3,5,7,8,9) (5,9) (1,2,7,9) {54,78,49,45,42,72,57,43,31,48}
[#####....#] (1,2,4,5,6,9) (1,3,5) (1,4,6,9) (0,1,8,9) (1,2,6,7,8) (8) (4,6,7,9) (1,2,3,4,5,7) (0,3,6,7) (1,9) (2,3,4,5,6) (0,6) (0,2,3,4,5,7,8,9) {34,65,34,33,38,40,37,28,26,44}
[#.#..##] (0,1) (2,4,5) (0,1,2,3,4,6) (0,2,5,6) (0,6) (4) (1,6) (3,6) (1,3,4,5,6) {68,50,57,38,54,41,94}
[...#.#.#] (0,1,4,6) (0,1,5,6,7) (2,3,6,7) (0,2,6) (3,4) (3,4,6) (0,7) (0,3,5) {24,5,13,31,22,11,34,5}
[..###] (0,3) (1,4) (1,2,3,4) (1,3,4) (2,3) (0,1,3,4) (2,3,4) {17,44,43,62,64}
[.#.#..#..#] (0,2) (2) (1,4,6) (1,3,4,6,9) (0,1,3,4,5,6,7) (2,5,6,9) (5,8) (0,2,3,4,5,9) (3,5) (0,1,2,3,5,7,8,9) (0,1,4,5,6,7,8,9) (0,1,3,5,6,7,9) {230,246,32,240,56,238,241,215,17,221}
[#.#.#...#.] (0,3,4,6) (2,5,6,9) (3,4) (2,5,6) (1,4,5,6,7,9) (0,8) (0,3,7,8,9) (1,2,5,6,7,8,9) (0,2,3,8) (0,1,7) {47,12,56,46,29,39,49,12,45,20}
[##..##..] (0,1,5,7) (0,4) (2,4,5) (2,3) (0,1,2,3,4,6) (1,2,4,6) (1,3) (2,5,7) (4,6,7) {37,49,67,48,185,22,164,149}
[#.#.] (1,2,3) (1,3) (0,1) (2,3) (0,3) (0,1,3) {25,24,12,27}
[.##..] (0,2) (3,4) (1,3,4) (0,3,4) {30,12,18,28,28}
[##.####] (1,4,6) (0,1,3,4,6) (0,2,3,5,6) (0,2,4,5,6) (3,4,5,6) (0,1,3,5) (0,2,3,4,5,6) (2,3,5) {53,200,28,64,230,60,233}
[#.###.] (3,5) (0,2,3,4) (0,2,3,4,5) (2,3,4,5) (2) (1,2,4) (0,1,2,3) (0,2,3) {49,24,91,84,55,47}
[.#.#.] (0,4) (2,3,4) (0,1,3,4) (0) (1,3) (0,1,4) (1,2,4) {43,67,37,51,66}
[#.#...] (1,4,5) (2,3,4) (0,1) (1,2,5) (0,2) (2,3) (0,4,5) (1,4) {34,36,70,40,60,44}
[#...] (2,3) (1,2) (0,2) (1) {1,32,19,2}
[#.#.###...] (2,3,4,7) (2,3,4) (0,3,5,7,9) (1,4,5,9) (0,3,5,7,8,9) (0,1,2,4,6) (0,1,2,6,7,8,9) (3,7,8,9) {169,146,164,62,152,31,142,60,42,60}
[#...#.#] (1,3,5,6) (0,2,3,4,5,6) (0,1,2,4,6) (0,3) (0,2) (5) {48,27,35,33,19,26,33}
[#...] (0,1,2) (1,2) (0,2,3) {183,21,190,169}
[####] (0,1) (0,3) (1,2) (0,2) {32,2,15,19}
[##..#....] (0,1,2,3,4,5,6,8) (1,2,3,4,5,7) (0,2,3,5,7) (3,7) (0,2,3,4,6,7) (0,2,3,6,7,8) (4,6) (4,5,7) (0,1,2,3,5,7,8) (0,4,5,7,8) {52,18,36,40,58,48,38,48,40}
[#..####] (1,3,4,5,6) (1,2,4,5,6) (0,1,2,3,4,6) (4) (0,1,3,4,5,6) (0,3,6) (2) (0,2,6) {38,30,18,42,31,24,48}
[#.#####..] (2,3,5,7,8) (1,3,4,5,6) (0,5,7,8) (0,2,3,6,7,8) (0,2,3,4,5,7,8) (0,1,2,3,4,6,8) (2,3,5) (1,7) {199,35,192,212,44,65,187,196,205}
[#..#..] (1,4) (2,3) (1,2,3,4) (1,2,3,5) (0,1,2,5) (0,3) {201,209,204,21,17,192}
[.####..] (1,2,3,4) (4) (0,6) (0,2,4,6) (2,3) (2,3,5) (0,5,6) {33,4,45,37,15,24,33}
[..#.] (0) (0,1,2) (0,3) (0,1) (3) (1,2) {40,35,21,21}
[#..#.] (1,2,4) (2,3,4) (0,2,4) (1,2,3) (0,1,4) (0,3,4) {60,37,54,42,89}
[#...#.#..#] (0,1,3,4,5,6,7) (0,4,9) (0,1,2,3,5,6,7,8,9) (3,6) (1,5,7,8) (1,2,3,9) (0,3,4,5,6) (0,5,8) (0,2,3,4,5,6,8) (0,1,2,3,4,5,7,9) (0,1,2,5,6,7,9) (3,6,8) (0,2,4,5,7,8) {70,53,60,65,37,62,63,57,29,60}
[####] (1) (0,2,3) (0,2) {26,18,26,12}
[...#.#] (0,1,5) (2,5) (3,5) (0,1,2,4) (1,4) {39,51,38,20,32,57}
[.##......] (7) (0,5,6) (2,3,6) (0,1,3,6,7,8) (2,3,4,7) (1,2) (0,1,3,4,5,6,8) (0,2,8) (0,2,3,7) (0,1,2,3,4,5,6) {161,40,153,155,32,37,58,142,27}
[.##.##] (1,5) (0,3,4,5) (3,5) (0,2,3,5) {17,9,16,23,1,32}
[###...] (1,5) (0,4,5) (0,2,3) (0,2,3,4,5) (0,1,3) (1,2,4,5) (1,2) {44,26,38,28,30,30}
[#.###] (2,3) (0,1,3) (1,2,4) {1,2,18,18,1}
[##..##.] (0,1,6) (0,2,4,5) (1,2,3,5) (0,3,6) (3,5) (1,2,3,4,6) {28,31,27,50,8,34,28}
[...####] (0,1,5) (0,2,3) (1,2,3,4,6) (0,2,3,4) (0,1,3,4,6) {34,33,1,15,14,19,14}
[.#.##.] (1,3,4,5) (2,3,4) (0,1,2) (1,2) (0,2,3,4,5) {21,134,37,131,131,127}
[.#.#.###] (1,2,3,4,5) (0,1,3,4,5,6) (1,2,5,6,7) (0,1,2,4,5,6,7) (0,2,3) (2,3) {20,55,59,21,35,55,40,39}
[####.#] (0,4,5) (1,2,5) (0,1,2) (1,3,4,5) (0,2) (0,2,3,5) {42,29,42,10,11,20}
[.#########] (1,6,8,9) (2,4,5,7,9) (0,4,7,9) (4,8) (1,3) (5,9) (0,1,2,3,4,6,8) (3,6) {11,27,15,27,44,29,34,26,35,57}
[#####...##] (1,6,7) (0,1,3,5,9) (0,4,7,8,9) (1,2,5,6,9) (1,3,5,6) (0,1,2,3,4,5,6,9) (3,4,8) (3,4) (0,1,2,3,4,5,8,9) (1,2,4,9) (2,5,6,7,8) (3,8) (0,7,8,9) {26,75,63,62,37,69,71,31,48,55}
[.###..##.] (6,7) (0,1,8) (3,4,6) (0,2,4,5,7,8) (0,1,2,3,4,6,8) (0,1,2,5,6,7,8) (1,3) (0,2,4,5,8) {61,32,46,33,62,35,216,206,61}
[###.] (1,3) (0,1,2) {8,170,8,162}
[...#.###..] (0,2,4,6) (0,3,6,7) (0,1,2,4,5,6) (4,5,6,7,9) (1,4,5,8) (0,2,3,4,5,6,7,8,9) (0,1,2,5,7,8,9) (1,2,6,9) (0,2,4,5,9) {65,216,249,16,69,62,246,38,28,230}
[.#.#.##] (0,3) (0,4,5,6) (0,1,5,6) (0,1,2,3,4) (1,2,3,5,6) (1,2,4) (1,3,4,6) (0,1) {45,60,26,36,52,25,42}
[##.#.##.#] (1,7,8) (0,4,5,6,7) (0,1,4,5,6,7,8) (0,1,2,4,5,6) (0,1,2,6,8) (0,1,3,4,5,7,8) (3) (0,1,4,7,8) (0,1,4,5,6,7) {78,64,18,17,67,51,51,62,41}
[#......#] (0,3,4,5,7) (0,1,2,3,4,5) (0,5) (4,6) (1,4,7) (1,5,7) (4,7) (0,1,3,4,6) (1,6) (0,1,3,5,6,7) {220,48,9,33,60,202,54,22}
[.##...#.] (4,5) (4,6) (1,3) (0,2,3,5,7) (2,6) (0,4,5,6,7) (0,1) (0,1,2,4,5) (0,1,3,4,5,6,7) {213,206,40,197,201,214,184,190}
[#..#..] (1,4) (3) (0,3) (0,1,4) (0,4,5) (0) (0,3,5) (2,5) {45,15,1,37,34,25}
[..#.###] (0,3,4,5,6) (2,4,6) (0,3) (0,2,4,5,6) (0,1,2,5,6) (4,6) (0,1) (1,4) {64,32,24,28,52,41,55}
[#...] (0,1,2) (0,3) (3) (1,2,3) (1,3) {10,19,16,38}
[..#.###.] (3,4,6,7) (6,7) (1,4,5,7) (1,3) (0,1,2,3,4,5) (0,2,5) (1,2,4,6) (2,3,6) (2,4) {22,48,49,57,40,34,36,22}
[.#...#] (1,5) (0,1,2,5) (4,5) (1,3) (0,2,3,5) {9,33,9,26,16,39}
[....#.#.] (0,1,2,4,5,7) (2,3) (1,5) (0,1,2,3,5,6) (0,1,4,5) (3,6) {40,54,42,38,22,54,18,4}
[#..#.####.] (1,2,3,4,6,7,8,9) (2,4) (0,1,2,3,6,7,8,9) (1,3,7,8) (0,1,2,5,6,7,8,9) (0,5,8) (2,6,8) (0,1,3,4,6,8,9) {41,57,54,46,40,21,56,45,74,49}
[.....##.##] (4,6,7) (1,6,7) (0,1,2,3,5,7,8) (4,5,7,9) (1,2,4,5,6,7,8) (2,3,7) (1,2,4,5,6,7,8,9) (0,1,2,6,7,8,9) {24,42,42,15,22,28,36,64,33,39}
[#.#...###.] (0,1,2,3,4,5,6,8,9) (0,1,2,4,6,8,9) (3,5,6,8) (2,3,4,6) (0,1,4,8,9) (5,7) (0,1,2,3,4,5,6,7,9) (1,2,4,5,7,9) (3,7,9) {30,36,39,44,44,49,45,47,32,48}
[.##.#.##.] (0,1,2,3,5,6,7) (0,2,3,4,5,7,8) (3,4,5,6) (0,2,4,5,8) (1,2,3,4,6,7,8) (4,6,7) (1,2,4,6,7) {41,50,81,48,97,47,76,82,51}
[.##.###.#] (0,4,5) (1,2,3,4,5,8) (0,1,2,8) (0,1,3,4,5,8) (2,3,4,5,7) (0,2,7) (3,5,7,8) (0,1,2,3,5,6,7) (1,3,8) (1,3,4,6,7,8) (0,1,2,3,4,5,7) {84,72,62,57,49,56,18,48,50}
[.###] (0,1) (1) (0,1,3) (2,3) {20,35,0,19}
[#.###] (0,1,2,4) (2) (0,1) (1,3,4) (0,1,3) (0,1,2) (0,3,4) {13,15,11,7,5}
[..##...##.] (0,2,3,4,5,7,8,9) (0,1,2,3,7,8,9) (2,3,5,7) (0,1,2,6,7,8,9) (0,1,3,6,7,9) (1,5,6,7,8,9) (2,3,6) (2,4,8,9) (0,1,2,3,4,6,7) {213,226,49,226,19,24,221,235,49,245}
[#####.##.#] (0,3,4,5,7,8,9) (4,5,7,8,9) (2,3,5,6,7,9) (5,6) (0,1,2,3,5,6,7,8) (1,2,4,8,9) (0,1,6) (0,3,4,8,9) (0,1,2,3,5,6) (1,3,6) (2,3,4,7) {49,55,39,73,41,50,73,45,36,32}
[.#.###] (0,1,3,4) (0,1,2,4) (0,1,3) (1,2,3,4,5) (1,5) (2,4) (0,3,4) {211,234,46,209,65,29}
[.##.#..#] (1) (0,2,4,5,6,7) (4,5) (3,4,5,6) (0,5,7) (0,2,3,7) (1,3,4,5,6) (6,7) {33,15,19,14,44,58,50,50}
[#...] (0,3) (1,2) (1,2,3) (0,1,2) {30,54,54,30}
[.#....####] (0,1,2,3,4,5,7,8,9) (2,4,5,6,7,9) (2,3,6) (0,1,3,5,6,7,8,9) (0,1,3,4,5,6,7,8) (3,7) (1,4,6,7,8) (0,1,2,3,4,5,7) (0,6) (1,4,6,9) (2,8,9) (0,2,4,5,6,7,8) {57,147,54,60,148,48,175,150,154,48}
[##..#..#..] (0,2,3,4,5,6) (0,5) (0,2,3,5,7) (0,2,3,4,5,6,7,8) (1,2,3,6,7,8,9) (5,6,7,8,9) (0,2,4,6,8,9) (9) (0,1,7) (2,3,6,7,8) (0,1,2,4,7,8,9) (0,6,9) {83,38,60,45,35,46,83,77,63,68}
[#..#.##] (3,4) (0,1,2,3,5) (0,1,3,6) (0,2,4,6) (0,1,4) (3,5,6) (1,2,5) (0,1) (3,4,5) {223,220,41,40,187,42,28}
[#.####...] (2,3,4,5,6,7,8) (0,6,7,8) (1,2,3,5,6,7,8) (2,3) (0,1,2,3,5,6,8) (0,1,2,3,4,5,7,8) (0,1,3,4,5) (1,2,3,6,8) {35,64,61,81,40,58,39,38,52}
[.#######.] (0,1,3,4,6,7) (4,8) (3,5) (1,3,4,5) (0,1,2,4,5,7) (6,7) (0,1,2,4,7) (0,1,3,6,7) (3,5,6,8) (1,3,8) {46,66,11,80,39,33,61,61,25}
[#..##.] (1,3,5) (0,1,2,5) (0,2,4,5) (0,3,4) (1,4) (1,2,3,5) {20,148,23,140,32,136}
[##.#.] (1,2,4) (0,2,3,4) (1,3,4) {6,19,16,15,25}
[.####] (0,1,2,3) (0,1,2) (1,2,3,4) {40,59,59,39,19}
[##..#.] (3,4) (0,1,4,5) (0,1,2,4) (0,1,2,4,5) {173,173,158,13,186,162}
[##..##] (0,1,4,5) (1,2,3,5) (0,1,2,4,5) (0,3,5) {17,189,185,186,10,196}
[######...#] (6,7,8,9) (2,3,5,6) (0,1,2,4,5,6,8,9) (0,1,5,9) (0,4,5,7,8) (1,3,5,6,7,8,9) (0,2,6,8,9) (3,6,8) {40,33,28,34,29,49,67,39,79,51}
[.#...] (3,4) (0,2,3) (1,2) (0,1,3) (1,3,4) (3) {20,206,5,217,191}
[####] (0,1,3) (0,2,3) (2) {18,5,13,18}
[#.#....##] (1,4,5,7) (4,5,6) (0,1,2,4,5,7) (1,3,4,5,8) (0,1,2,5,6,8) (0,2,3,4,5,6,7) (1,3,4,8) {30,44,30,41,52,52,36,21,39}
[#.####..] (1,2,3,6,7) (0,2,3,4,5) (2) (4,7) (1,3,4,7) (0,2,4,5,6,7) (0,1,2,4,7) (0,7) (2,5,6) {28,36,187,35,46,20,37,71}
[..#.#] (0) (1,3,4) (0,3) (2,4) (0,1,2) {15,17,18,14,23}
[.#.#...] (0,2,3,6) (0,4,5) (0,1,3,4,5) (0,3,4) (0,2,3,4,5,6) (1,3,5) {141,22,120,159,27,29,120}
[.###.#] (1) (1,4,5) (0,3,5) (0,1,4) (0,4) (0,1,3,5) (0,1,2,3) {75,61,14,46,46,49}
[#.###.###] (1,2,4,5,6,7) (0,2,5,6,7) (5,6,8) (2,3,4,5,6,7) (1,3,4,6,7) (3,4,5,7,8) (2,3,4) (0,1,4,5,6,7,8) (0,2,4,5,6,8) (0,6,7) (0,2,5) {59,26,47,30,59,71,66,54,42}
[##..####.] (1,2,3,6,7,8) (5) (1,2,5,6,7) (1,2,3,6,8) (0,2,3,7,8) (1,2,3,8) (0,1,4,5,6,7) {16,188,194,184,5,25,47,45,184}
[######] (0,1,2,3) (3,4) (0,5) (4,5) (1,2,3,4) (0,4) {43,23,23,181,187,25}
[.....#####] (0,1,3,5,8,9) (0,1,6) (0,2,3,5,7,9) (0,2,4,5,7,8,9) (0,1,5,6,9) (0,1,4,7,8) (2,7,8) (5,8) (2,3,4,5,6,7,8) (3) (3,5,6,9) (0,1,3,6,7) (0,2,4,5,7) {94,61,55,43,42,74,41,81,66,36}
[##....#] (1,2,3,5) (1,4) (0,3,6) (1,3,6) (1,2,4,5,6) (1,3) (1,2,3,4,5) {8,81,44,67,42,44,30}
[.###.##] (2,3,5) (0,1,2,3,4,6) (0,2,4,5,6) (1,3,4,6) (4,5) (0,1,2,6) {37,49,55,54,47,29,56}
[...#.###..] (1,3,4,5,6,7,8,9) (0,1,2,3,5,7,9) (0,4,7) (0,2,8) (1,3,5,6,8,9) (0,2,4,5,6,7,9) (1,2,4,5,9) (1,2,3,5,8) {50,158,156,157,36,174,54,49,163,69}
[##.#.] (0,1,3) (3) (0,4) (1,2) (1,4) {24,16,3,25,15}
[..#.#..##.] (0,2,3,4,5) (0,1,2,5,6,7,8) (4,9) (0,2,3,5,8,9) (2,9) (0,1,3,4,5,7) (3,4,7,8) (4,5,6) (0,1,2,3,4,5,6,7) (1,2,4,6,7,8) {51,52,69,163,190,57,45,179,177,42}
[.###..#..] (0,1,2,3,4,6) (6,7) (3,7) (3,4) (1,2,3,6,7,8) (0,1,3) (1,2,5,7,8) (0,1,3,5,6,7) (0,1,2,5) (5,6,8) {46,77,43,76,18,42,52,67,35}
[...#..##..] (1,2,4,5,6,9) (1,2,3,4,7) (4,8) (0,1,2,8) (0,2,5,8) (3,8,9) (0,4) (0,6,7,9) (0,2,3,4,5,6,7,9) (3,7) (1,2,3,4,5,7,9) {223,44,251,250,254,233,216,239,55,244}
[#.##..#] (0,1,3,5) (1,6) (0,3,4,5,6) (2,4,5) (2,3,4) {29,38,6,32,16,32,29}
[##..###] (1,2,3,4,6) (0,3) (1,6) (0,4,5) (1,4,5) {30,28,16,27,36,20,27}
[....#...] (2,4) (5) (2,7) (1,2,3,4,5,6,7) (0,1,3,4,5,6,7) (0,1,2,3,4,5,6,7) {11,23,32,23,24,35,23,36}
[.#.#.#.#.#] (0,2,3,4,6,7,8,9) (1,3,5,7,9) (1,3,5,7) (0,2,3,8,9) (0,3,4,5,6,7,8) (0,8) (3,5,6,7) (0,3,8) (1,2,4,6,8,9) (6,7) (2,4,5) (5,8) {39,26,35,61,44,54,66,62,61,36}
[....#.###] (2,4) (0,2,4,6,7) (1,4,8) (1,6,7) (1,2,3,5,6,7,8) (3) (0,4,5,6) {4,22,20,19,25,0,21,21,5}
[###..] (0,3,4) (1,4) (0,1,2) {16,5,2,14,17}
[####] (0,2) (1,2,3) (1,3) (2) (0,3) (0,1) {22,19,19,19}
[..#.#.] (0,1,2,4,5) (0,1,2,4) (0,5) (0,1,4,5) (0,1,2,5) (1,2,3,4) {11,28,26,17,23,10}
[..##.] (0,2,4) (2,3) (1,2,3) (1,2,3,4) {3,31,48,45,16}
[#####..#] (0,5) (0,1,5,6,7) (1,2,3,4,6,7) (2,4,5,6) (0,1,7) (0,2,3,4,6) {36,30,29,15,29,31,29,30}
[#..#.##.#] (0,1,2,4,5,6,7) (0,5,7,8) (0,3,5,6,7) (3,4,8) (1,4,5,8) (2,3,4,6,7) (1,4,8) {38,49,19,19,64,53,23,39,61}
[.#.#....] (3,7) (0,3) (0,1,2,5,6) (0,1,2,6,7) (0,1,3,4,5,6) (1,2,3,4,7) (1,2,3,4,5,6,7) (0,2,3,5,6) {62,212,225,225,180,209,226,212}
[..##.] (1,4) (0,1,2) (2,3) (0,1,2,3) (0,1,3) (1,3) (1) {13,182,14,24,4}
[..#.####] (0,1,3,4,5) (4,5,6,7) (0,2,3,4,7) (0,1) (2,3,5,7) (2,4) (0,2,4,7) (0,4,6,7) (0,2,3,5,7) {87,29,55,60,78,57,32,82}
[.###..##] (0,1,3,4,7) (0,2,3,5,7) (1,3,5,6,7) (0,3,4,7) (4,6) (1,2,3,5,6,7) (0,1,2,3,7) {156,20,142,157,34,135,20,157}
[#...#.#...] (0,2,3,4,5,6,8,9) (0,2,3,8,9) (0,1,2,4,5) (1,2,5,6,7) (0,4,9) (0,1,2,4) (0,1,2,3,4,7,8,9) (1,2,4,5,6,7,9) (1,2,3,5,6,7,8,9) (0,2,3,5,6,7,8) {217,205,238,198,209,52,47,196,198,205}
[##...#.###] (0,9) (1,4) (0,7) (2,5,6) (0,2,3,6,8) (6,9) (3,4,7,8) (1,2,5) (0,1,3,5,6,7) {31,27,22,5,16,23,28,13,2,27}
[#..###] (0,2) (0,3,4,5) (4,5) (1,2,3,5) (1,3,4,5) {22,21,25,25,19,26}
[...##.] (3,4) (3,5) (0,2,3,5) (0,1,4) (1,2) (2,5) (0,1,3,4,5) {154,30,149,155,25,167}
[#.#.] (0,3) (0,1) (2,3) (1,2,3) (1,2) {141,35,20,140}
[...#..##] (0,1,2,3,4,5,6) (5) (0,1,2,6) (1,2,3,4,6,7) (1,4,7) (0,1,5,6,7) (0,1,2,3,4,6) (2,7) (2,3,6) (0,1,2,3,4,7) {68,79,60,53,54,42,65,42}
[##..##....] (0,1,5,6) (1,2,3,4,5,6,9) (1,2,4,5,6,7,8,9) (5,8) (0,1,2,3,5,9) (1,6,8) (3,5,6,7,8) (0,5,7,8,9) (1,2,4,5,6,8,9) (0,3) (2,3,4,5,9) {14,49,39,24,36,67,50,16,56,45}
[###.] (0,1,3) (0,1,2) {11,11,9,2}
[##...##] (0,6) (1,5,6) (0,1,2,3,5,6) (0,2,3,4,5,6) (0,2,4) (0,4,5) (2,3) {49,20,50,40,36,46,48}
[.#..###...] (2,5,7) (1,4,9) (0,2,3,5,6,7,8) (4,6) (4,5,6,7) (1,3,5,6,7,9) (0,1,2,3,5,9) (0,1,2,3,5,6,7,8) (0,2,3,4,7,8,9) (0,1,2,3,4,6,8,9) (1,3,4,5,8,9) (0,2,4,5,7,8,9) {49,50,57,50,56,75,52,63,32,58}
[#..#...] (1,2,4,5) (0,1,2,3,5) (0,1,5) (2,3,5) (3,4,6) (1,2) (1,2,3,4,6) {18,32,43,49,25,36,20}
[#.#.#....] (0,1,2,4,5,6,8) (0,1,2,4,5,6) (0,2,4,8) (1,7) (1,3,5,8) (0,1,3,5,7,8) (0,2,7,8) (1,4,5) (0,3,8) {45,45,45,3,50,36,16,21,45}
[##...#.#] (0,1,2,3,5,6,7) (1,4) (0,2,3,4,6,7) (0,3,4,5,6,7) (0,1,3,4,5,6) (2,6) (0) (1,2,4,7) (0,2,3,4,5,6) {39,20,42,27,31,17,47,24}
[#..#.#.##] (2,5,6,8) (0,1,2,3,4,6,8) (0,2,3,4,7) (2,6,8) (0,7,8) (2,3,4,7,8) (1,2,3,5,7) {180,159,186,178,175,5,164,34,183}
[.#.#] (1,3) (1,2) (0,3) (0,2) {17,14,21,10}
[#.#.#.#..] (0,3,4,5,6,8) (1,3,5) (0,2,4,6) (0,1,4,6,7) (0,6,7,8) (1,2,4,5,6) (1,2,5,7,8) (0,1,5,6) (0,5,8) {19,53,35,13,24,53,28,25,25}
[..#....#] (0,3,7) (1,2,3,4,5,7) (0,2,4) (0,1,3,7) (0,4,6,7) (1,4,7) (0,1,2,3,5,7) (0) (2,7) (0,3,4,6,7) {45,32,16,39,12,11,4,47}
[.###] (1,3) (1) (1,2) (0) (0,1,2) {24,206,196,8}
[.#####] (3,4,5) (0,3,4) (2,5) (1,5) {3,11,12,11,11,31}
[.#.#.] (0,4) (2,3,4) (0,1,3,4) (1,3,4) (4) (0,2,3) {131,36,106,142,67}
[.##...#] (0,1,4) (0,1) (0,3,6) (0,5) (1,2,6) (0,4,5,6) (2,4) (0,1,2,4,5) (1,4) {47,42,16,19,42,8,25}
[.###.] (0,3) (1,2,3,4) (0,3,4) (0,2) {23,123,130,139,125}
[#.#.#] (0,1,2,4) (0,2,3) (0,4) (0,3) {164,9,19,27,137}
[.#.#.#] (1,3,5) (0,1,2,3) (0,1,2,4,5) (0,1,4) {41,53,24,17,36,31}
[#...##.#.] (3,5,8) (0,2,3,5,7,8) (0,1,2,5,7,8) (0,1,4,5,7) (0,2,3,4,5,6,8) (1,6,7,8) (1,4,5) {52,50,37,126,33,157,36,54,160}
[.#.####..#] (1,2,5) (1,2,3,4,7) (0,1,3,4,6,7,9) (0,1,2,3,6,7,8,9) (0,1,2,3,5,6,7) (0,1,2,5,8) (0,1,3,5,6,7,8,9) (0,2,3,5,7) (0,1,2,6,7,8,9) (2,3) (2,7,8) {96,88,108,84,8,74,61,89,60,43}
[#####..##] (2,3) (0,1,2,3,5,8) (1,2,3,4,5,7) (1,2,3,5,6,8) (0,1,7) (0,3,4,7,8) (1,4,6) (2,3,4,6,7,8) (4) (0,1,3,4,6,7) (3,5,6,8) {26,67,68,87,62,46,55,54,42}
[#.#.] (0,1,2,3) (0,2) {16,16,16,16}
[##..###] (2,3,4,5) (0,4) (0,1,2,3,4,6) (0,1,3,5) (2,3,6) (0,2,5,6) (0,3,6) (4) (5) {42,7,36,35,34,41,26}
[.##.#.###] (0,1,2,3,5) (0,2,3,4,5,6,7,8) (0,1,3,4,6,7,8) (2) (0,1,2,4,5,6,8) (2,4,6,7) (0,1,2,3,6,7,8) {52,37,57,51,34,26,45,44,42}
[.#.#] (1,3) (0,1,2) {140,140,140,0}
[.#..#] (3,4) (0,3,4) (0,2,4) (1,4) (1,2,3) (0,1) (0,3) {27,25,7,25,20}
[#..#.##.] (0,1,2,3,4,5,6) (4,5,6) (0,2,3,4,5,6) (3,5,6) (1,3,4,6) (1,3,5,7) (0,2,3,4,7) (2,3,4,5,6,7) (1) (1,3,6) {30,234,43,100,78,70,86,43}
[#.....##..] (1,4,5,6,7,8) (0,7) (0,1,2,3,5,6,7) (0,1,2,3,4,6,7) (1,2,4,7,8) (0,1,5,6) (6,8,9) (4,6,9) (1,2,3,4,5,6,7,8) (0,4,7,8) (0,3,5,7,8,9) (1,2,3,4,9) (0,1,2,3,5,7,8) {115,123,88,96,101,102,112,144,110,54}
[.#..#.#] (2,3,4,5,6) (0,1,2,5,6) (1,2,3,4) (0,1,2,4) (0,1,3,5) {35,38,32,27,19,37,22}
[####] (0) (0,1) (0,2) (1,2) (2,3) {161,22,139,0}
[.###.###] (0,7) (0,2,5,7) (0,1,3) (1,4) (2,3,4) (0,2,3,4,5) (1,2,3,5,6,7) {215,28,232,44,38,213,15,220}